
Job Info:
function_dim = 3
i = 2
I = 10
d = 4
K = 4
h = 1.0
tau = 0.001
it_max = 100000
tol = 1e-10
filename = Job_1

took 189.44 seconds to train
J = 0.14416494239738076
function error: 1.4613803682091207
gradient error: 15.615653392519675
