
Job Info:
function_dim = 3
i = 2
I = 10
d = 4
K = 4
h = 1.0
tau = 0.005
it_max = 100000
tol = 1e-10
filename = Job_2

took 200.48 seconds to train
J = 104.71997406343581
function error: 1157.1612639119737
gradient error: 133.282415279641
